2577392.0
2661276.0
2762164.0
2773976.0
2940484.0
3187688.0
3225268.0
3233252.0
3203920.0
3161404.0
3171060.0
3157100.0
3198716.0
3198228.0
3234644.0
3237288.0
3206388.0
3208716.0
3285620.0
3272372.0
3214176.0
3161636.0
3175008.0
3159432.0
3120780.0
3142092.0
2999988.0
2876532.0
2995080.0
3106112.0
3178972.0
3156000.0
3201040.0
3187724.0
3173948.0
3178392.0
3153308.0
3156192.0
3084220.0
2952804.0
2989628.0
2951632.0
2919452.0
2940976.0
2975128.0
3113228.0
3152016.0
3248668.0
3313844.0
3273312.0
3209552.0
3165276.0
3143772.0
3121820.0
3118860.0
3167668.0
3130592.0
3024672.0
2904244.0
2741764.0
2701172.0
2670408.0
2657528.0
2716900.0
2736756.0
2822232.0
2938380.0
2882264.0
2752264.0
2857680.0
2851880.0
2922332.0
3059380.0
3167948.0
3154908.0
3151092.0
3140956.0
3120356.0
3133964.0
3039504.0
2896636.0
2787180.0
2721164.0
2767308.0
2796500.0
2814044.0
2927748.0
2838372.0
2867588.0
2811148.0
2859196.0
2925604.0
3008892.0
3102276.0
3168604.0
3170888.0
3119564.0
3100836.0
2761496.0
2496816.0
2468444.0
2517816.0
2759084.0
2972972.0
3207756.0
3172912.0
3266200.0
3225652.0
3216844.0
3098964.0
3154708.0
3136848.0
3186620.0
3156812.0
3042148.0
3101196.0
3070804.0
3017416.0
2998324.0
2974344.0
3012628.0
2994324.0
2941612.0
3010484.0
3119772.0
3115940.0
3123292.0
2618900.0
2100244.0
1571564.0
1097724.0
814788.0
664232.0
1002632.0
1325664.0
1826012.0
2296076.0
3051732.0
3150900.0
3153044.0
3211176.0
3195428.0
3169264.0
2951640.0
2754324.0
2530776.0
2530980.0
2753792.0
2970844.0
3092640.0
3013788.0
2961636.0
2903444.0
2866540.0
2844300.0
2832148.0
2859816.0
2876388.0
2957468.0
2972532.0
2976396.0
2934088.0
2957384.0
2991712.0
2999944.0
2978576.0
2954208.0
2829236.0
2651508.0
2500988.0
2357844.0
2289132.0
2293704.0
2298976.0
2396456.0
2531100.0
2727696.0
2719276.0
2596760.0
2621764.0
2577392.0
