2916224.0 0
2915520.0 1
3056724.0 2
3065636.0 3
2990928.0 4
3052892.0 5
3086460.0 6
3165876.0 7
3118168.0 8
3124908.0 9
3141972.0 10
3176348.0 11
3166124.0 12
3141516.0 13
3013576.0 14
2847460.0 15
2738180.0 16
2544852.0 17
2440228.0 18
2358740.0 19
2348444.0 20
2366032.0 21
2449412.0 22
2588172.0 23
2669964.0 24
2750540.0 25
2921820.0 26
3066644.0 27
3164460.0 28
3184872.0 29
3265276.0 30
3274092.0 31
3223888.0 32
3219620.0 33
3232820.0 34
3204820.0 35
3178068.0 36
3163348.0 37
3117840.0 38
3150340.0 39
3077136.0 40
3047648.0 41
2958064.0 42
2859012.0 43
2671704.0 44
2601372.0 45
2534308.0 46
2488056.0 47
2446124.0 48
2437724.0 49
2538892.0 50
2551884.0 51
2702808.0 52
2798548.0 53
2942808.0 54
3067512.0 55
3093040.0 56
3083248.0 57
3126172.0 58
3135112.0 59
3166372.0 60
3200796.0 61
3150740.0 62
3123384.0 63
3110692.0 64
3119280.0 65
3167584.0 66
3176200.0 67
3197972.0 68
3181668.0 69
3098980.0 70
3161692.0 71
3197020.0 72
3167004.0 73
3174728.0 74
3146548.0 75
3079204.0 76
3061692.0 77
3004196.0 78
3000264.0 79
2965448.0 80
2892048.0 81
2947008.0 82
2929404.0 83
2965548.0 84
2972544.0 85
3006772.0 86
3022948.0 87
3121740.0 88
3116624.0 89
3124224.0 90
3082976.0 91
3146220.0 92
3209820.0 93
3168756.0 94
3136332.0 95
3115620.0 96
3152300.0 97
3191768.0 98
3185684.0 99
3094508.0 100
3121460.0 101
3138152.0 102
3138436.0 103
3127252.0 104
3120716.0 105
3070220.0 106
3020244.0 107
3022336.0 108
3017588.0 109
2998372.0 110
3009484.0 111
3002212.0 112
3033108.0 113
3035504.0 114
3058368.0 115
3061000.0 116
3042948.0 117
3027748.0 118
3054304.0 119
3006800.0 120
3089792.0 121
3056596.0 122
3088832.0 123
3046780.0 124
2945536.0 125
2913688.0 126
2944628.0 127
2857820.0 128
2881372.0 129
2882852.0 130
2937652.0 131
2943004.0 132
2984408.0 133
2998300.0 134
3003116.0 135
3020508.0 136
3014328.0 137
2971568.0 138
2945580.0 139
2862324.0 140
2844236.0 141
2784948.0 142
2754436.0 143
2760636.0 144
2758200.0 145
2751584.0 146
2827364.0 147
2817088.0 148
2880964.0 149
2924452.0 150
2962300.0 151
3074528.0 152
3074492.0 153
3068036.0 154
3104268.0 155
3094700.0 156
3083848.0 157
3012824.0 158
2920668.0 159
2843460.0 160
2737420.0 161
2672248.0 162
2583328.0 163
2476668.0 164
2434116.0 165
2378636.0 166
2349592.0 167
2338488.0 168
2408212.0 169
2480972.0 170
2485328.0 171
2624240.0 172
2700284.0 173
2761612.0 174
2870820.0 175
2957408.0 176
3043308.0 177
3058204.0 178
2981572.0 179
2991652.0 180
2991660.0 181
3111980.0 182
3053128.0 183
2977364.0 184
3009656.0 185
2998432.0 186
3066836.0 187
3114736.0 188
3110740.0 189
3114468.0 190
3059528.0 191
3020896.0 192
3052456.0 193
3072792.0 194
3042196.0 195
2967212.0 196
2849012.0 197
2857492.0 198
2918356.0 199
2880408.0 200
2828828.0 201
2842548.0 202
2831500.0 203
2865204.0 204
2918560.0 205
2983972.0 206
3089116.0 207
3168964.0 208
3159332.0 209
3172196.0 210
3178676.0 211
3170556.0 212
3136860.0 213
3092460.0 214
3105920.0 215
3014624.0 216
3023716.0 217
2979996.0 218
2928972.0 219
2697860.0 220
2367948.0 221
2143912.0 222
1818836.0 223
1597248.0 224
1280644.0 225
1122708.0 226
978544.0 227
823616.0 228
790836.0 229
747360.0 230
869232.0 231
1032032.0 232
1144652.0 233
1302656.0 234
1573684.0 235
1921996.0 236
2342416.0 237
2563804.0 238
2804844.0 239
2836328.0 240
2842536.0 241
2915408.0 242
2922296.0 243
3061436.0 244
2999964.0 245
2997560.0 246
2991040.0 247
3011332.0 248
2985336.0 249
3073932.0 250
3082372.0 251
2808252.0 252
2824988.0 253
2735808.0 254
2675024.0 255
2514972.0 256
2600460.0 257
2498212.0 258
2597428.0 259
2699924.0 260
2612436.0 261
2849308.0 262
2958660.0 263
3034472.0 264
3068676.0 265
3021984.0 266
3000696.0 267
3073424.0 268
2775212.0 269
2775228.0 270
2774800.0 271
2735728.0 272
2717840.0 273
2762112.0 274
2773040.0 275
2992092.0 276
3031700.0 277
3013700.0 278
3011696.0 279
2986872.0 280
2947036.0 281
2951932.0 282
2931180.0 283
2918812.0 284
2960956.0 285
2956372.0 286
2971940.0 287
3006884.0 288
3006156.0 289
2968872.0 290
2987888.0 291
2956868.0 292
2965224.0 293
2935096.0 294
2960836.0 295
2956244.0 296
2953644.0 297
2934648.0 298
2861436.0 299
2888412.0 300
2882296.0 301
2873680.0 302
2862500.0 303
2845332.0 304
2839396.0 305
2885756.0 306
2894260.0 307
2920388.0 308
2931584.0 309
2887236.0 310
2835992.0 311
2851544.0 312
2789724.0 313
2732272.0 314
2760932.0 315
2736724.0 316
2738244.0 317
2806840.0 318
2760044.0 319
2765432.0 320
2864792.0 321
2899580.0 322
2901108.0 323
2923260.0 324
2873452.0 325
2857284.0 326
2854900.0 327
2797708.0 328
2792348.0 329
2860904.0 330
2844656.0 331
2912612.0 332
2913272.0 333
2877844.0 334
2955188.0 335
2950372.0 336
3003904.0 337
3012172.0 338
3065460.0 339
3094756.0 340
3147808.0 341
3094632.0 342
3110116.0 343
3122668.0 344
3148036.0 345
3115836.0 346
3051348.0 347
3120588.0 348
3067164.0 349
3072316.0 350
3085332.0 351
3110196.0 352
3086156.0 353
3123664.0 354
3047772.0 355
2986988.0 356
2944984.0 357
2949548.0 358
2937348.0 359
2916224.0 360
